$ 1 0.000005 382.76258214399064 59 5 43 5e-11
t 288 304 320 304 0 1 -4.6828650865659585 0.5913825660609321 400 default
c 192 304 224 304 0 1e-7 -0.5860072597466066 0.001
w 240 224 256 224 0
r 256 224 288 224 0 2000000
w 240 304 288 304 0
w 320 320 320 352 0
g 320 352 320 368 0 0
c 352 224 400 224 0 1e-7 4.966613599891983 0.001
w 400 224 400 240 0
w 400 240 400 256 0
w 400 256 368 256 0
w 368 256 368 272 0
w 400 256 432 256 0
w 432 256 432 272 0
d 432 272 432 320 2 1N4148
d 368 320 368 272 2 1N4148
w 368 320 368 336 0
w 368 336 400 336 0
w 432 320 432 336 0
w 432 336 400 336 0
w 400 336 400 352 0
w 400 352 320 352 0
w 400 352 480 352 0
w 480 352 480 288 0
174 480 288 496 240 1 250000 0.9950000000000001 Resistance
w 400 224 480 224 0
O 496 256 544 256 0 0
R 80 304 48 304 0 1 100 0.12 0 0 0.5
174 80 304 176 304 1 250000 0.9950000000000001 Resistance
w 128 288 128 272 0
w 128 272 176 272 0
w 176 272 176 304 0
r 320 144 320 192 0 4700
w 176 304 192 304 0
w 224 304 240 304 0
w 320 192 320 224 0
w 288 224 320 224 0
w 320 224 352 224 0
w 320 224 320 288 0
w 240 224 240 304 0
R 320 144 320 80 0 0 40 9.3 0 0 0.5
368 80 304 80 208 0 2
368 176 304 176 368 0 2
368 480 224 480 128 0 2
o 27 64 0 4098 0.375 0.0006976590510662143 0 2 27 3
o 26 64 0 12290 0.38653603237456435 0.0001 1 1
